31.455 77.215
31.455 77.225
31.455 77.235
31.465 77.165
31.465 77.175
31.465 77.185
31.465 77.195
31.465 77.205
31.465 77.215
31.465 77.225
31.465 77.235
31.475 77.155
31.475 77.165
31.475 77.175
31.475 77.185
31.475 77.195
31.475 77.205
31.475 77.215
31.475 77.225
31.475 77.235
31.475 77.245
31.485 77.135
31.485 77.145
31.485 77.155
31.485 77.165
31.485 77.175
31.485 77.185
31.485 77.195
31.485 77.205
31.485 77.215
31.485 77.225
31.485 77.235
31.485 77.245
31.485 77.255
31.485 77.265
31.495 77.135
31.495 77.145
31.495 77.155
31.495 77.165
31.495 77.175
31.495 77.185
31.495 77.195
31.495 77.205
31.495 77.215
31.495 77.225
31.495 77.235
31.495 77.245
31.495 77.255
31.495 77.265
31.505 77.125
31.505 77.135
31.505 77.145
31.505 77.155
31.505 77.165
31.505 77.175
31.505 77.185
31.505 77.195
31.505 77.205
31.505 77.215
31.505 77.225
31.505 77.235
31.505 77.245
31.505 77.255
31.505 77.265
31.505 77.285
31.505 77.295
31.515 77.115
31.515 77.125
31.515 77.135
31.515 77.145
31.515 77.155
31.515 77.165
31.515 77.175
31.515 77.185
31.515 77.195
31.515 77.205
31.515 77.215
31.515 77.225
31.515 77.235
31.515 77.245
31.515 77.255
31.515 77.265
31.515 77.275
31.515 77.285
31.515 77.295
31.525 77.105
31.525 77.115
31.525 77.125
31.525 77.135
31.525 77.145
31.525 77.155
31.525 77.165
31.525 77.175
31.525 77.185
31.525 77.195
31.525 77.205
31.525 77.215
31.525 77.225
31.525 77.235
31.525 77.245
31.525 77.255
31.525 77.265
31.525 77.275
31.525 77.285
31.525 77.295
31.525 77.305
31.525 77.315
31.535 77.105
31.535 77.115
31.535 77.125
31.535 77.135
31.535 77.145
31.535 77.155
31.535 77.165
31.535 77.175
31.535 77.185
31.535 77.195
31.535 77.205
31.535 77.215
31.535 77.225
31.535 77.235
31.535 77.245
31.535 77.255
31.535 77.265
31.535 77.275
31.535 77.285
31.535 77.295
31.535 77.305
31.535 77.315
31.535 77.325
31.535 77.335
31.535 77.345
31.535 77.355
31.535 77.365
31.535 77.375
31.535 77.385
31.535 77.395
31.535 77.405
31.535 77.415
31.535 77.425
31.535 77.435
31.545 77.095
31.545 77.105
31.545 77.115
31.545 77.125
31.545 77.135
31.545 77.145
31.545 77.155
31.545 77.165
31.545 77.175
31.545 77.185
31.545 77.195
31.545 77.205
31.545 77.215
31.545 77.225
31.545 77.235
31.545 77.245
31.545 77.255
31.545 77.265
31.545 77.275
31.545 77.285
31.545 77.295
31.545 77.305
31.545 77.315
31.545 77.325
31.545 77.335
31.545 77.345
31.545 77.355
31.545 77.365
31.545 77.375
31.545 77.385
31.545 77.395
31.545 77.405
31.545 77.415
31.545 77.425
31.545 77.435
31.545 77.495
31.555 77.095
31.555 77.105
31.555 77.115
31.555 77.125
31.555 77.135
31.555 77.145
31.555 77.155
31.555 77.165
31.555 77.175
31.555 77.185
31.555 77.195
31.555 77.205
31.555 77.215
31.555 77.225
31.555 77.235
31.555 77.245
31.555 77.255
31.555 77.265
31.555 77.275
31.555 77.285
31.555 77.295
31.555 77.305
31.555 77.315
31.555 77.325
31.555 77.335
31.555 77.345
31.555 77.355
31.555 77.365
31.555 77.375
31.555 77.385
31.555 77.395
31.555 77.405
31.555 77.415
31.555 77.425
31.555 77.435
31.555 77.465
31.555 77.475
31.555 77.485
31.555 77.495
31.565 77.105
31.565 77.115
31.565 77.125
31.565 77.135
31.565 77.145
31.565 77.155
31.565 77.165
31.565 77.175
31.565 77.185
31.565 77.195
31.565 77.205
31.565 77.215
31.565 77.225
31.565 77.235
31.565 77.245
31.565 77.255
31.565 77.265
31.565 77.275
31.565 77.285
31.565 77.295
31.565 77.305
31.565 77.315
31.565 77.325
31.565 77.335
31.565 77.345
31.565 77.355
31.565 77.365
31.565 77.375
31.565 77.385
31.565 77.395
31.565 77.405
31.565 77.415
31.565 77.425
31.565 77.435
31.565 77.445
31.565 77.455
31.565 77.465
31.565 77.475
31.565 77.485
31.565 77.495
31.565 77.505
31.565 77.525
31.575 77.115
31.575 77.125
31.575 77.135
31.575 77.145
31.575 77.155
31.575 77.165
31.575 77.175
31.575 77.185
31.575 77.195
31.575 77.205
31.575 77.215
31.575 77.225
31.575 77.235
31.575 77.245
31.575 77.255
31.575 77.265
31.575 77.275
31.575 77.285
31.575 77.295
31.575 77.305
31.575 77.315
31.575 77.325
31.575 77.335
31.575 77.345
31.575 77.355
31.575 77.365
31.575 77.375
31.575 77.385
31.575 77.395
31.575 77.405
31.575 77.415
31.575 77.425
31.575 77.435
31.575 77.445
31.575 77.455
31.575 77.465
31.575 77.475
31.575 77.485
31.575 77.495
31.575 77.505
31.575 77.515
31.575 77.525
31.575 77.535
31.585 77.115
31.585 77.125
31.585 77.135
31.585 77.145
31.585 77.155
31.585 77.165
31.585 77.175
31.585 77.185
31.585 77.195
31.585 77.205
31.585 77.215
31.585 77.225
31.585 77.235
31.585 77.245
31.585 77.255
31.585 77.265
31.585 77.275
31.585 77.285
31.585 77.295
31.585 77.305
31.585 77.315
31.585 77.325
31.585 77.335
31.585 77.345
31.585 77.355
31.585 77.365
31.585 77.375
31.585 77.385
31.585 77.395
31.585 77.405
31.585 77.415
31.585 77.425
31.585 77.435
31.585 77.445
31.585 77.455
31.585 77.465
31.585 77.475
31.585 77.485
31.585 77.495
31.585 77.505
31.585 77.515
31.585 77.525
31.585 77.535
31.595 77.105
31.595 77.115
31.595 77.125
31.595 77.135
31.595 77.145
31.595 77.155
31.595 77.165
31.595 77.175
31.595 77.185
31.595 77.195
31.595 77.205
31.595 77.215
31.595 77.225
31.595 77.235
31.595 77.245
31.595 77.255
31.595 77.265
31.595 77.275
31.595 77.285
31.595 77.295
31.595 77.305
31.595 77.315
31.595 77.325
31.595 77.335
31.595 77.345
31.595 77.355
31.595 77.365
31.595 77.375
31.595 77.385
31.595 77.395
31.595 77.405
31.595 77.415
31.595 77.425
31.595 77.435
31.595 77.445
31.595 77.455
31.595 77.465
31.595 77.475
31.595 77.485
31.595 77.495
31.595 77.505
31.595 77.515
31.595 77.525
31.595 77.535
31.595 77.545
31.595 77.555
31.605 77.105
31.605 77.115
31.605 77.125
31.605 77.135
31.605 77.145
31.605 77.155
31.605 77.165
31.605 77.175
31.605 77.185
31.605 77.195
31.605 77.205
31.605 77.215
31.605 77.225
31.605 77.235
31.605 77.245
31.605 77.255
31.605 77.265
31.605 77.275
31.605 77.285
31.605 77.295
31.605 77.305
31.605 77.315
31.605 77.325
31.605 77.335
31.605 77.345
31.605 77.355
31.605 77.365
31.605 77.375
31.605 77.385
31.605 77.395
31.605 77.405
31.605 77.415
31.605 77.425
31.605 77.435
31.605 77.445
31.605 77.455
31.605 77.465
31.605 77.475
31.605 77.485
31.605 77.495
31.605 77.505
31.605 77.515
31.605 77.525
31.605 77.535
31.605 77.545
31.605 77.555
31.605 77.565
31.615 77.095
31.615 77.105
31.615 77.115
31.615 77.125
31.615 77.135
31.615 77.145
31.615 77.155
31.615 77.165
31.615 77.175
31.615 77.185
31.615 77.195
31.615 77.205
31.615 77.215
